1 0 4727
2 0 1205
2 1 3588
3 0 6363
3 1 2012
3 2 5163
4 0 3657
4 1 1842
4 2 2458
4 3 2799
5 0 3130
5 1 6977
5 2 3678
5 3 8064
5 4 5330
6 0 2414
6 1 6501
6 2 3071
6 3 7727
6 4 4946
6 5 743
7 0 563
7 1 5187
7 2 1742
7 3 6878
7 4 4200
7 5 3209
7 6 2468
8 0 463
8 1 5028
8 2 1444
8 3 6581
8 4 3824
8 5 2670
8 6 1952
8 7 718
9 0 5654
9 1 2327
9 2 4462
9 3 1402
9 4 2012
9 5 6929
9 6 6673
9 7 6203
9 8 5789
10 0 1713
10 1 4148
10 2 1184
10 3 5366
10 4 2573
10 5 2831
10 6 2380
10 7 2241
10 8 1602
10 9 4392
11 0 1604
11 1 4723
11 2 1520
11 3 5946
11 4 3157
11 5 2266
11 6 1795
11 7 2051
11 8 1343
11 9 4947
11 10 586
12 0 2368
12 1 3635
12 2 1498
12 3 4679
12 4 1924
12 5 3407
12 6 3051
12 7 2920
12 8 2330
12 9 3648
12 10 766
12 11 1299
13 0 2201
13 1 3125
13 2 1103
13 3 4378
13 4 1580
13 5 3854
13 6 3405
13 7 2762
13 8 2291
13 9 3501
13 10 1029
13 11 1612
13 12 646
14 0 1290
14 1 4907
14 2 1501
14 3 6225
14 4 3427
14 5 2178
14 6 1604
14 7 1687
14 8 970
14 9 5274
14 10 883
14 11 406
14 12 1642
14 13 1853
15 0 1004
15 1 3930
15 2 951
15 3 5709
15 4 3179
15 5 4076
15 6 3382
15 7 1304
15 8 1451
15 9 5183
15 10 2040
15 11 2208
15 12 2446
15 13 2026
15 14 2029
16 0 3833
16 1 7463
16 2 4298
16 3 8417
16 4 5749
16 5 727
16 6 1469
16 7 3932
16 8 3376
16 9 7216
16 10 3353
16 11 2824
16 12 3840
16 13 4349
16 14 2803
16 15 4759
17 0 2258
17 1 6338
17 2 2903
17 3 7578
17 4 4793
17 5 881
17 6 168
17 7 2331
17 8 1796
17 9 6535
17 10 2224
17 11 1639
17 12 2905
17 13 3247
17 14 1438
17 15 3220
17 16 1601
18 0 3419
18 1 7243
18 2 3967
18 3 8296
18 4 5577
18 5 293
18 6 1020
18 7 3487
18 8 2959
18 9 7140
18 10 3100
18 11 2542
18 12 3655
18 13 4119
18 14 2466
18 15 4368
18 16 477
18 17 1165
19 0 2267
19 1 5105
19 2 2169
19 3 6135
19 4 3409
19 5 1930
19 6 1681
19 7 2669
19 8 1951
19 9 5022
19 10 1049
19 11 694
19 12 1488
19 13 1997
19 14 986
19 15 2900
19 16 2359
19 17 1563
19 18 2170
20 0 2957
20 1 4043
20 2 2209
20 3 4802
20 4 2223
20 5 3310
20 6 3110
20 7 3487
20 8 2835
20 9 3621
20 10 1246
20 11 1586
20 12 730
20 13 1341
20 14 1987
20 15 3151
20 16 3617
20 17 2988
20 18 3520
20 19 1430
21 0 720
21 1 4022
21 2 652
21 3 5707
21 4 3066
21 5 3672
21 6 2993
21 7 1175
21 8 1112
21 9 5077
21 10 1625
21 11 1767
21 12 2096
21 13 1753
21 14 1593
21 15 442
21 16 4345
21 17 2829
21 18 3965
21 19 2460
21 20 2779
22 0 1700
22 1 3677
22 2 828
22 3 4982
22 4 2185
22 5 3315
22 6 2827
22 7 2260
22 8 1725
22 9 4090
22 10 503
22 11 1050
22 12 697
22 13 606
22 14 1253
22 15 1765
22 16 3851
22 17 2666
22 18 3588
22 19 1547
22 20 1387
22 21 1401
23 0 5279
23 1 2863
23 2 4136
23 3 2322
23 4 1860
23 5 6199
23 6 6009
23 7 5840
23 8 5346
23 9 922
23 10 3841
23 11 4357
23 12 3076
23 13 3078
23 14 4716
23 15 4960
23 16 6433
23 17 5882
23 18 6393
23 19 4333
23 20 2905
23 21 4781
23 22 3621
24 0 2578
24 1 3106
24 2 1518
24 3 4178
24 4 1401
24 5 3932
24 6 3552
24 7 3141
24 8 2628
24 9 3207
24 10 1196
24 11 1770
24 12 533
24 13 419
24 14 2072
24 15 2444
24 16 4372
24 17 3401
24 18 4183
24 19 2019
24 20 1062
24 21 2166
24 22 903
24 23 2718
25 0 6076
25 1 1850
25 2 4873
25 3 320
25 4 2491
25 5 7745
25 6 7412
25 7 6596
25 8 6285
25 9 1131
25 10 5054
25 11 5633
25 12 4363
25 13 4070
25 14 5915
25 15 5443
25 16 8098
25 17 7263
25 18 7977
25 19 5817
25 20 4482
25 21 5427
25 22 4675
25 23 2042
25 24 3864
26 0 3465
26 1 7173
26 2 3954
26 3 8186
26 4 5486
26 5 365
26 6 1104
26 7 3563
26 8 3007
26 9 7014
26 10 3042
26 11 2498
26 12 3567
26 13 4052
26 14 2454
26 15 4396
26 16 370
26 17 1233
26 18 202
26 19 2079
26 20 3398
26 21 3984
26 22 3537
26 23 6254
26 24 4097
26 25 7866
27 0 2654
27 1 6630
27 2 3254
27 3 7800
27 4 5035
27 5 482
27 6 267
27 7 2728
27 8 2193
27 9 6714
27 10 2488
27 11 1907
27 12 3122
27 13 3517
27 14 1764
27 15 3610
27 16 1206
27 17 399
27 18 767
27 19 1694
27 20 3119
27 21 3212
27 22 2954
27 23 6024
27 24 3635
27 25 7483
27 26 839
28 0 3625
28 1 1204
28 2 2446
28 3 2778
28 4 894
28 5 5774
28 6 5300
28 7 4120
28 8 3889
28 9 2437
28 10 2945
28 11 3520
28 12 2453
28 13 1923
28 14 3710
28 15 2932
28 16 6267
28 17 5138
28 18 6041
28 19 3910
28 20 2922
28 21 2946
28 22 2475
28 23 2569
28 24 1932
28 25 2515
28 26 5973
28 27 5427
29 0 3115
29 1 6814
29 2 3581
29 3 7859
29 4 5141
29 5 261
29 6 821
29 7 3240
29 8 2661
29 9 6707
29 10 2676
29 11 2128
29 12 3219
29 13 3690
29 14 2082
29 15 4034
29 16 726
29 17 923
29 18 438
29 19 1733
29 20 3087
29 21 3620
29 22 3169
29 23 5966
29 24 3748
29 25 7539
29 26 374
29 27 558
29 28 5612
30 0 1574
30 1 6001
30 2 2441
30 3 7408
30 4 4611
30 5 1659
30 6 916
30 7 1559
30 8 1122
30 9 6477
30 10 2087
30 11 1558
30 12 2842
30 13 3032
30 14 1204
30 15 2572
30 16 2384
30 17 794
30 18 1932
30 19 1813
30 20 3115
30 21 2224
30 22 2427
30 23 5913
30 24 3274
30 25 7101
30 26 2019
30 27 1181
30 28 4824
30 29 1716
31 0 3951
31 1 3447
31 2 2960
31 3 3763
31 4 1669
31 5 4513
31 6 4348
31 7 4507
31 8 3920
31 9 2476
31 10 2331
31 11 2778
31 12 1592
31 13 1866
31 14 3164
31 15 3891
31 16 4754
31 17 4227
31 18 4706
31 19 2668
31 20 1240
31 21 3603
31 22 2254
31 23 1687
31 24 1448
31 25 3449
31 26 4569
31 27 4349
31 28 2550
31 29 4280
31 30 4330
32 0 1748
32 1 5253
32 2 1966
32 3 6461
32 4 3677
32 5 1746
32 6 1270
32 7 2082
32 8 1372
32 9 5432
32 10 1114
32 11 531
32 12 1791
32 13 2142
32 14 497
32 15 2525
32 16 2335
32 17 1117
32 18 2027
32 19 654
32 20 1953
32 21 2089
32 22 1578
32 23 4807
32 24 2284
32 25 6146
32 26 1996
32 27 1377
32 28 4050
32 29 1624
32 30 1180
32 31 3184
33 0 2142
33 1 2656
33 2 950
33 3 4223
33 4 1590
33 5 4431
33 6 3890
33 7 2658
33 8 2391
33 9 3599
33 10 1650
33 11 2171
33 12 1480
33 13 838
33 14 2287
33 15 1590
33 16 4991
33 17 3724
33 18 4711
33 19 2694
33 20 2175
33 21 1496
33 22 1148
33 23 3384
33 24 1164
33 25 3938
33 26 4669
33 27 4044
33 28 1498
33 29 4298
33 30 3346
33 31 2510
33 32 2685
34 0 6755
34 1 3123
34 2 5564
34 3 1427
34 4 3113
34 5 7910
34 6 7698
34 7 7304
34 8 6883
34 9 1102
34 10 5459
34 11 6003
34 12 4706
34 13 4593
34 14 6342
34 15 6278
34 16 8148
34 17 7565
34 18 8107
34 19 6029
34 20 4607
34 21 6178
34 22 5177
34 23 1716
34 24 4286
34 25 1375
34 26 7970
34 27 7723
34 28 3476
34 29 7679
34 30 7545
34 31 3402
34 32 6475
34 33 4697
35 0 2383
35 1 6274
35 2 2916
35 3 7451
35 4 4682
35 5 769
35 6 332
35 7 2512
35 8 1927
35 9 6376
35 10 2132
35 11 1552
35 12 2772
35 13 3161
35 14 1419
35 15 3313
35 16 1452
35 17 286
35 18 1061
35 19 1366
35 20 2796
35 21 2906
35 22 2598
35 23 5699
35 24 3283
35 25 7134
35 26 1085
35 27 356
35 28 5071
35 29 735
35 30 1023
35 31 4031
35 32 1022
35 33 3693
35 34 7393
36 0 3306
36 1 7183
36 2 3878
36 3 8263
36 4 5533
36 5 207
36 6 900
36 7 3364
36 8 2845
36 9 7121
36 10 3037
36 11 2472
36 12 3610
36 13 4060
36 14 2379
36 15 4261
36 16 609
36 17 1049
36 18 132
36 19 2130
36 20 3501
36 21 3861
36 22 3521
36 23 6384
36 24 4136
36 25 7944
36 26 305
36 27 653
36 28 5980
36 29 420
36 30 1808
36 31 4698
36 32 1952
36 33 4636
36 34 8097
36 35 965
37 0 1029
37 1 5622
37 2 2035
37 3 7131
37 4 4352
37 5 2225
37 6 1484
37 7 985
37 8 611
37 9 6284
37 10 1958
37 11 1538
37 12 2721
37 13 2788
37 14 1134
37 15 2033
37 16 2949
37 17 1348
37 18 2503
37 19 1991
37 20 3119
37 21 1719
37 22 2194
37 23 5787
37 24 3086
37 25 6831
37 26 2581
37 27 1744
37 28 4470
37 29 2263
37 30 578
37 31 4281
37 32 1341
37 33 2975
37 34 7370
37 35 1542
37 36 2380
38 0 3530
38 1 3085
38 2 2482
38 3 3669
38 4 1252
38 5 4435
38 6 4185
38 7 4091
38 8 3543
38 9 2497
38 10 1997
38 11 2506
38 12 1232
38 13 1380
38 14 2867
38 15 3398
38 16 4752
38 17 4051
38 18 4652
38 19 2525
38 20 1136
38 21 3132
38 22 1833
38 23 1852
38 24 967
38 25 3349
38 26 4532
38 27 4218
38 28 2096
38 29 4216
38 30 4062
38 31 533
38 32 2963
38 33 1981
38 34 3515
38 35 3883
38 36 4629
38 37 3952
39 0 825
39 1 4564
39 2 1027
39 3 6011
39 4 3227
39 5 2681
39 6 2049
39 7 1319
39 8 676
39 9 5160
39 10 931
39 11 791
39 12 1656
39 13 1663
39 14 554
39 15 1476
39 16 3331
39 17 1881
39 18 2972
39 19 1474
39 20 2173
39 21 1040
39 22 1074
39 23 4687
39 24 1973
39 25 5709
39 26 2976
39 27 2241
39 28 3388
39 29 2606
39 30 1438
39 31 3245
39 32 1050
39 33 1909
39 34 6249
39 35 1913
39 36 2877
39 37 1127
39 38 2873
40 0 2188
40 1 2756
40 2 1395
40 3 4638
40 4 2426
40 5 5053
40 6 4415
40 7 2544
40 8 2590
40 9 4318
40 10 2513
40 11 2912
40 12 2550
40 13 1932
40 14 2885
40 15 1241
40 16 5687
40 17 4248
40 18 5344
40 19 3542
40 20 3268
40 21 1479
40 22 2054
40 23 4285
40 24 2285
40 25 4397
40 26 5339
40 27 4614
40 28 1911
40 29 4967
40 30 3693
40 31 3612
40 32 3358
40 33 1124
40 34 5379
40 35 4286
40 36 5250
40 37 3197
40 38 3080
40 39 2374
41 0 4820
41 1 1591
41 2 3617
41 3 1681
41 4 1169
41 5 6384
41 6 6051
41 7 5358
41 8 4993
41 9 937
41 10 3701
41 11 4277
41 12 3001
41 13 2736
41 14 4569
41 15 4287
41 16 6746
41 17 5903
41 18 6617
41 19 4455
41 20 3136
41 21 4211
41 22 3340
41 23 1272
41 24 2507
41 25 1363
41 26 6509
41 27 6121
41 28 1501
41 29 6179
41 30 5763
41 31 2187
41 32 4787
41 33 2718
41 34 2001
41 35 5772
41 36 6583
41 37 5518
41 38 2012
41 39 4392
41 40 3386
42 0 3489
42 1 7027
42 2 3891
42 3 7987
42 4 5313
42 5 550
42 6 1219
42 7 3632
42 8 3039
42 9 6795
42 10 2923
42 11 2403
42 12 3403
42 13 3915
42 14 2405
42 15 4390
42 16 437
42 17 1322
42 18 486
42 19 1923
42 20 3189
42 21 3969
42 22 3423
42 23 6022
42 24 3935
42 25 7667
42 26 287
42 27 955
42 28 5831
42 29 400
42 30 2115
42 31 4339
42 32 1926
42 33 4565
42 34 7738
42 35 1121
42 36 570
42 37 2658
42 38 4324
42 39 2943
42 40 5284
42 41 6314
43 0 1947
43 1 6186
43 2 2686
43 3 7502
43 4 4706
43 5 1224
43 6 482
43 7 1987
43 8 1486
43 9 6507
43 10 2137
43 11 1564
43 12 2860
43 13 3138
43 14 1289
43 15 2928
43 16 1948
43 17 355
43 18 1501
43 19 1641
43 20 3029
43 21 2553
43 22 2541
43 23 5892
43 24 3331
43 25 7190
43 26 1581
43 27 743
43 28 4994
43 29 1277
43 30 440
43 31 4265
43 32 1086
43 33 3548
43 34 7556
43 35 600
43 36 1380
43 37 1002
43 38 4046
43 39 1659
43 40 3997
43 41 5837
43 42 1676
44 0 6835
44 1 3472
44 2 5661
44 3 1877
44 4 3241
44 5 7805
44 6 7635
44 7 7391
44 8 6934
44 9 1268
44 10 5459
44 11 5983
44 12 4697
44 13 4647
44 14 6338
44 15 6419
44 16 8005
44 17 7508
44 18 7989
44 19 5957
44 20 4527
44 21 6290
44 22 5213
44 23 1629
44 24 4312
44 25 1798
44 26 7844
44 27 7644
44 28 3704
44 29 7567
44 30 7537
44 31 3296
44 32 6436
44 33 4830
44 34 461
44 35 7322
44 36 7986
44 37 7395
44 38 3478
44 39 6285
44 40 5585
44 41 2205
44 42 7603
44 43 7521
45 0 1542
45 1 5461
45 2 2023
45 3 6758
45 4 3962
45 5 1670
45 6 1054
45 7 1785
45 8 1112
45 9 5773
45 10 1394
45 11 827
45 12 2126
45 13 2395
45 14 555
45 15 2428
45 16 2334
45 17 887
45 18 1962
45 19 1071
45 20 2355
45 21 2012
45 22 1801
45 23 5178
45 24 2589
45 25 6446
45 26 1974
45 27 1231
45 28 4264
45 29 1609
45 30 763
45 31 3576
45 32 422
45 33 2839
45 34 6829
45 35 902
45 36 1866
45 37 951
45 38 3328
45 39 1012
45 40 3386
45 41 5095
45 42 1964
45 43 744
45 44 6805
46 0 2379
46 1 4390
46 2 1867
46 3 5360
46 4 2651
46 5 2704
46 6 2432
46 7 2879
46 8 2196
46 9 4249
46 10 711
46 11 892
46 12 756
46 13 1351
46 14 1297
46 15 2749
46 16 3098
46 17 2302
46 18 2939
46 19 777
46 20 711
46 21 2336
46 22 1077
46 23 3581
46 24 1284
46 25 5041
46 26 2838
46 27 2465
46 28 3209
46 29 2501
46 30 2404
46 31 1941
46 32 1244
46 33 2140
46 34 5267
46 35 2128
46 36 2904
46 37 2429
46 38 1755
46 39 1563
46 40 3125
46 41 3680
46 42 2662
46 43 2325
46 44 5208
46 45 1644
47 0 3744
47 1 2088
47 2 2560
47 3 2844
47 4 304
47 5 5230
47 6 4884
47 7 4296
47 8 3876
47 9 1914
47 10 2534
47 11 3109
47 12 1836
47 13 1592
47 14 3406
47 15 3337
47 16 5618
47 17 4736
47 18 5469
47 19 3302
47 20 2042
47 21 3189
47 22 2190
47 23 1639
47 24 1340
47 25 2528
47 26 5369
47 27 4957
47 28 1196
47 29 5032
47 30 4603
47 31 1381
47 32 3619
47 33 1751
47 34 3013
47 35 4608
47 36 5432
47 37 4380
47 38 1000
47 39 3254
47 40 2664
47 41 1169
47 42 5184
47 43 4670
47 44 3102
47 45 3928
47 46 2532
48 0 1000
48 1 1000
48 2 1000
48 3 1000
48 4 1000
48 5 1000
48 6 1000
48 7 1000
48 8 1000
48 9 1000
48 10 1000
48 11 1000
48 12 1000
48 13 1000
48 14 1000
48 15 1000
48 16 1000
48 17 1000
48 18 1000
48 19 1000
48 20 1000
48 21 1000
48 22 1000
48 23 1000
48 24 1000
48 25 1000
48 26 1000
48 27 1000
48 28 1000
48 29 1000
48 30 1000
48 31 1000
48 32 1000
48 33 1000
48 34 1000
48 35 1000
48 36 1000
48 37 1000
48 38 1000
48 39 1000
48 40 1000
48 41 1000
48 42 1000
48 43 1000
48 44 1000
48 45 1000
48 46 1000
48 47 1000
49 0 1000
49 1 1000
49 2 1000
49 3 1000
49 4 1000
49 5 1000
49 6 1000
49 7 1000
49 8 1000
49 9 1000
49 10 1000
49 11 1000
49 12 1000
49 13 1000
49 14 1000
49 15 1000
49 16 1000
49 17 1000
49 18 1000
49 19 1000
49 20 1000
49 21 1000
49 22 1000
49 23 1000
49 24 1000
49 25 1000
49 26 1000
49 27 1000
49 28 1000
49 29 1000
49 30 1000
49 31 1000
49 32 1000
49 33 1000
49 34 1000
49 35 1000
49 36 1000
49 37 1000
49 38 1000
49 39 1000
49 40 1000
49 41 1000
49 42 1000
49 43 1000
49 44 1000
49 45 1000
49 46 1000
49 47 1000
49 48 1000