1 0 4
0 1 4
2 0 5
0 2 5
2 1 3
1 2 3
3 1 1
1 3 1
3 2 6
2 3 6
4 0 6
0 4 6
4 1 7
1 4 7
4 2 1
2 4 1
4 3 1
3 4 1
5 0 4
0 5 4
5 1 5
1 5 5
5 2 7
2 5 7
5 3 2
3 5 2
6 0 3
0 6 3
6 1 4
1 6 4
6 2 2
2 6 2
6 3 3
3 6 3
6 5 2
5 6 2
7 0 2
0 7 2
7 1 1
1 7 1
7 2 7
2 7 7
7 3 8
3 7 8
7 4 6
4 7 6
7 5 9
5 7 9
7 6 3
6 7 3
8 0 5
0 8 5
8 1 4
1 8 4
8 2 7
2 8 7
8 3 4
3 8 4
8 4 5
4 8 5
8 5 6
5 8 6
8 7 3
7 8 3
9 1 7
1 9 7
9 2 1
2 9 1
9 3 3
3 9 3
9 4 8
4 9 8
9 5 7
5 9 7
9 7 8
7 9 8
9 8 1
8 9 1
10 0 7
0 10 7
10 1 4
1 10 4
10 3 6
3 10 6
10 4 8
4 10 8
10 6 3
6 10 3
10 7 5
7 10 5
10 9 8
9 10 8
11 0 6
0 11 6
11 1 7
1 11 7
11 2 5
2 11 5
11 3 3
3 11 3
11 6 1
6 11 1
11 7 6
7 11 6
11 8 8
8 11 8
11 9 2
9 11 2
11 10 6
10 11 6
12 0 8
0 12 8
12 1 5
1 12 5
12 2 6
2 12 6
12 3 5
3 12 5
12 4 3
4 12 3
12 5 1
5 12 1
12 6 8
6 12 8
12 7 2
7 12 2
12 8 1
8 12 1
12 9 6
9 12 6
12 10 9
10 12 9
12 11 5
11 12 5
13 0 2
0 13 2
13 1 4
1 13 4
13 3 6
3 13 6
13 4 6
4 13 6
13 5 9
5 13 9
13 7 1
7 13 1
13 8 3
8 13 3
13 9 8
9 13 8
13 10 5
10 13 5
13 11 6
11 13 6
13 12 5
12 13 5
14 0 7
0 14 7
14 1 9
1 14 9
14 2 9
2 14 9
14 3 3
3 14 3
14 4 9
4 14 9
14 7 8
7 14 8
14 8 5
8 14 5
14 9 8
9 14 8
14 10 5
10 14 5
14 11 6
11 14 6
14 12 2
12 14 2
14 13 6
13 14 6
15 0 5
0 15 5
15 1 5
1 15 5
15 2 1
2 15 1
15 3 7
3 15 7
15 4 3
4 15 3
15 5 4
5 15 4
15 6 4
6 15 4
15 7 3
7 15 3
15 8 9
8 15 9
15 9 1
9 15 1
15 10 5
10 15 5
15 11 4
11 15 4
15 13 2
13 15 2
15 14 6
14 15 6
16 0 6
0 16 6
16 1 7
1 16 7
16 2 3
2 16 3
16 4 5
4 16 5
16 5 3
5 16 3
16 6 1
6 16 1
16 8 7
8 16 7
16 10 3
10 16 3
16 11 4
11 16 4
16 12 8
12 16 8
16 14 4
14 16 4
16 15 5
15 16 5
17 0 1
0 17 1
17 1 3
1 17 3
17 2 2
2 17 2
17 3 3
3 17 3
17 5 9
5 17 9
17 6 4
6 17 4
17 7 9
7 17 9
17 8 8
8 17 8
17 9 5
9 17 5
17 11 8
11 17 8
17 12 7
12 17 7
17 13 4
13 17 4
17 14 2
14 17 2
17 15 2
15 17 2
18 0 8
0 18 8
18 1 9
1 18 9
18 2 5
2 18 5
18 3 5
3 18 5
18 5 9
5 18 9
18 6 1
6 18 1
18 7 8
7 18 8
18 9 2
9 18 2
18 10 4
10 18 4
18 11 9
11 18 9
18 12 5
12 18 5
18 13 5
13 18 5
18 14 4
14 18 4
18 15 1
15 18 1
18 16 8
16 18 8
18 17 7
17 18 7
19 0 2
0 19 2
19 1 1
1 19 1
19 2 9
2 19 9
19 3 3
3 19 3
19 4 2
4 19 2
19 5 9
5 19 9
19 6 5
6 19 5
19 7 8
7 19 8
19 8 6
8 19 6
19 10 8
10 19 8
19 11 8
11 19 8
19 12 2
12 19 2
19 13 8
13 19 8
19 14 7
14 19 7
19 15 1
15 19 1
19 16 9
16 19 9
19 17 8
17 19 8
19 18 8
18 19 8